#Produced by Art of Illusion 3.2.1, Sun Dec 14 03:27:35 EET 2025
s 0
g Cube_3
v -0.54773 -0.5273 0.5
v 0.45227 -0.5273 0.5
v 0.45227 -0.5273 -0.5
v -0.54773 -0.5273 -0.5
v -0.54773 0.4727 0.5
v 0.45227 0.4727 0.5
v 0.45227 0.4727 -0.5
v -0.54773 0.4727 -0.5
v -0.04773 -0.0273 0.5
v 0.45227 -0.0273 0
v -0.04773 -0.0273 -0.5
v -0.54773 -0.0273 0
v -0.04773 -0.5273 0
v -0.04773 0.4727 0
f 2 1 13
f 3 2 13
f 4 3 13
f 1 4 13
f 2 3 10
f 3 7 10
f 7 6 10
f 6 2 10
f 1 2 9
f 2 6 9
f 6 5 9
f 5 1 9
f 4 1 12
f 1 5 12
f 5 8 12
f 8 4 12
f 5 6 14
f 6 7 14
f 7 8 14
f 8 5 14
f 3 4 11
f 4 8 11
f 8 7 11
f 7 3 11
s 0
g Cube_8
v 0.47581 0.07421 0.43693
v 0.46256 0.07421 0.09915
v -0.01241 0.05519 0.11778
v 0.00084 0.05519 0.45556
v 0.46484 0.34844 0.43736
v 0.45159 0.34844 0.09958
v -0.02338 0.32942 0.11821
v -0.01013 0.32942 0.45599
v 0.4637 0.21132 0.26826
v 0.21959 0.20181 0.10868
v -0.01127 0.1923 0.28689
v 0.23284 0.20181 0.44646
v 0.2317 0.0647 0.27736
v 0.22073 0.33893 0.27779
f 16 15 27
f 17 16 27
f 18 17 27
f 15 18 27
f 16 17 24
f 17 21 24
f 21 20 24
f 20 16 24
f 15 16 23
f 16 20 23
f 20 19 23
f 19 15 23
f 18 15 26
f 15 19 26
f 19 22 26
f 22 18 26
f 19 20 28
f 20 21 28
f 21 22 28
f 22 19 28
f 17 18 25
f 18 22 25
f 22 21 25
f 21 17 25
g Boolean_1
v 0.47362 -0.52709 0.47845
v -0.52543 -0.52707 0.52206
v -0.04771 -0.5273 0.00073
v 0.43 -0.52753 -0.5206
v -0.56905 -0.52751 -0.47698
v 0.45615 0.07383 0.07812
v 0.43 0.47247 -0.52104
v 0.45615 0.33137 0.07801
v -0.02591 -0.02708 0.50004
v 0.47362 0.47291 0.47801
v -0.52543 0.47293 0.52163
v -0.54724 -0.02729 0.02232
v -0.56905 0.47249 -0.47742
v -0.04772 0.4727 0.0003
v -0.06952 -0.02752 -0.49901
v 0.45691 0.34848 0.09545
v 0.47091 0.34812 0.41598
v 0.47091 0.07345 0.4161
v -0.0073 0.05524 0.11661
v 0.02067 0.05538 0.45349
v -0.01823 0.32947 0.11739
v 0.45547 0.34847 0.07806
v 0.00974 0.32961 0.45428
v 0.00122 0.19243 0.28544
vn 0 -1 0.00044
vn 0.04362 0.00044 0.99905
vn 0.04362 0.00044 0.99905
vn 0.99905 -0.00002 -0.04362
vn 0.99905 -0.00002 -0.04362
vn 0 -1 0.00044
vn 0 -1 0.00044
vn -0.99905 0.00002 0.04362
vn -0.99905 0.00002 0.04362
vn 0.04362 0.00044 0.99905
vn 0.04362 0.00044 0.99905
vn 0 -1 0.00044
vn 0 -1 0.00044
vn 0 -1 0.00044
vn 0 -1 0.00044
vn 0 -1 0.00044
vn 0 -1 0.00044
vn 0 -1 0.00044
vn -0.04362 -0.00044 -0.99905
vn -0.04362 -0.00044 -0.99905
vn 0.99905 -0.00002 -0.04362
vn 0.99905 -0.00002 -0.04362
vn 0 -1 0.00044
vn 0 -1 0.00044
vn -0.99905 0.00002 0.04362
vn -0.99905 0.00002 0.04362
vn -0.04362 -0.00044 -0.99905
vn -0.04362 -0.00044 -0.99905
vn 0.99905 -0.00002 -0.04362
vn 0.99905 -0.00002 -0.04362
vn 0.99905 -0.00002 -0.04362
vn 0.08274 0.00043 0.99657
vn -0.03985 0.9992 0.00287
vn -0.03985 0.9992 0.00287
vn 0.99905 -0.00002 -0.04362
vn 0.99905 -0.00002 -0.04362
vn -0.04362 -0.00044 -0.99905
vn -0.04362 -0.00044 -0.99905
vn -0 1 -0.00044
vn -0 1 -0.00044
vn 0.99905 -0.00002 -0.04362
vn 0.99905 -0.00002 -0.04362
vn -0.99577 -0.03995 0.08269
vn 0.08274 0.00043 0.99657
vn 0.08274 0.00043 0.99657
vn 0.08274 0.00043 0.99657
vn 0.04362 0.00044 0.99905
vn 0.04362 0.00044 0.99905
vn 0.04362 0.00044 0.99905
vn 0.04362 0.00044 0.99905
vn 0.04362 0.00044 0.99905
vn 0.99905 -0.00002 -0.04362
vn 0.99905 -0.00002 -0.04362
vn -0 1 -0.00044
vn -0 1 -0.00044
vn 0.04362 0.00044 0.99905
vn 0.04362 0.00044 0.99905
vn -0 1 -0.00044
vn -0 1 -0.00044
vn -0.99905 0.00002 0.04362
vn -0.99905 0.00002 0.04362
vn 0.04362 0.00044 0.99905
vn -0.99905 0.00002 0.04362
vn -0.99905 0.00002 0.04362
vn -0.99905 0.00002 0.04362
vn -0.99905 0.00002 0.04362
vn -0.99905 0.00002 0.04362
vn -0 1 -0.00044
vn -0 1 -0.00044
vn -0.04362 -0.00044 -0.99905
vn -0.04362 -0.00044 -0.99905
vn -0.99905 0.00002 0.04362
vn -0 1 -0.00044
vn -0 1 -0.00044
vn -0 1 -0.00044
vn -0 1 -0.00044
vn -0.04362 -0.00044 -0.99905
vn -0.04362 -0.00044 -0.99905
vn -0.04362 -0.00044 -0.99905
vn -0.04362 -0.00044 -0.99905
vn 0.03985 -0.9992 -0.00287
vn 0.99905 -0.00002 -0.04362
vn -0.99577 -0.03995 0.08269
vn 0.03985 -0.9992 -0.00287
vn 0.03985 -0.9992 -0.00287
vn -0.08274 -0.00043 -0.99657
vn -0.08274 -0.00043 -0.99657
vn 0.99905 -0.00002 -0.04362
vn 0.99905 -0.00002 -0.04362
vn 0.03985 -0.9992 -0.00287
vn -0.03985 0.9992 0.00287
vn -0.08274 -0.00043 -0.99657
vn 0.99905 -0.00002 -0.04362
vn 0.99577 0.03995 -0.08269
vn 0.08274 0.00043 0.99657
vn 0.08274 0.00043 0.99657
vn -0.03985 0.9992 0.00287
vn 0.99577 0.03995 -0.08269
vn 0.99577 0.03995 -0.08269
vn 0.99577 0.03995 -0.08269
vn -0.03985 0.9992 0.00287
vn -0.03985 0.9992 0.00287
vn -0.08274 -0.00043 -0.99657
vn -0.08274 -0.00043 -0.99657
vn 0.03985 -0.9992 -0.00287
vn 0.03985 -0.9992 -0.00287
vn 0.08274 0.00043 0.99657
vn 0.08274 0.00043 0.99657
vn 0.99577 0.03995 -0.08269
vn 0.99577 0.03995 -0.08269
vn 0.03985 -0.9992 -0.00287
vn 0.08274 0.00043 0.99657
vn -0.99577 -0.03995 0.08269
vn 0.99577 0.03995 -0.08269
vn 0.99577 0.03995 -0.08269
vn 0.03985 -0.9992 -0.00287
vn 0.03985 -0.9992 -0.00287
vn -0.08274 -0.00043 -0.99657
vn 0.99577 0.03995 -0.08269
vn 0.99577 0.03995 -0.08269
vn 0.99577 0.03995 -0.08269
vn 0.99577 0.03995 -0.08269
f 29//1 30//12 31//13
f 32//17 29//6 31//16
f 33//23 32//18 31//15
f 30//7 33//24 31//14
f 29//5 32//22 34//29
f 32//21 35//36 34//30
f 51//114 48//99 52//119
f 48//104 51//118 45//86
f 30//11 29//2 37//47
f 29//3 38//51 37//48
f 38//56 39//57 37//49
f 39//62 30//10 37//50
f 33//25 30//8 40//63
f 30//9 39//61 40//64
f 39//60 41//67 40//65
f 41//72 33//26 40//66
f 39//58 38//55 42//73
f 38//54 35//40 42//74
f 35//39 41//69 42//75
f 41//68 39//59 42//76
f 32//19 33//28 43//77
f 33//27 41//71 43//78
f 41//70 35//38 43//79
f 35//37 32//20 43//80
f 44//81 45//90 51//117
f 35//41 36//42 34//31
f 36//42 35//41 44//82
f 47//94 49//109 52//121
f 51//116 49//105 44//85
f 49//106 50//111 44//84
f 46//92 48//103 45//87
f 35//41 38//53 44//82
f 48//100 47//98 52//120
f 50//112 49//107 36//44
f 44//83 50//113 36//43
f 29//4 34//35 46//93
f 49//108 47//95 36//45
f 46//91 34//34 48//102
f 47//96 34//32 36//46
f 44//82 38//53 45//89
f 47//97 48//101 34//33
f 38//52 29//4 45//88
f 45//88 29//4 46//93
f 49//110 51//115 52//122
s 0
g Cube_9
v 0.46743 -0.53916 0.1003
v 0.47272 -0.53916 -0.15402
v 0.21842 -0.5417 -0.15931
v 0.21313 -0.5417 0.09501
v 0.46282 -0.0773 0.1002
v 0.46811 -0.0773 -0.15411
v 0.21381 -0.07984 -0.1594
v 0.20852 -0.07984 0.09491
v 0.46777 -0.30823 -0.02691
v 0.34326 -0.3095 -0.15671
v 0.21347 -0.31077 -0.0322
v 0.33797 -0.3095 0.0976
v 0.34293 -0.54043 -0.02951
v 0.33831 -0.07857 -0.0296
f 54 53 65
f 55 54 65
f 56 55 65
f 53 56 65
f 54 55 62
f 55 59 62
f 59 58 62
f 58 54 62
f 53 54 61
f 54 58 61
f 58 57 61
f 57 53 61
f 56 53 64
f 53 57 64
f 57 60 64
f 60 56 64
f 57 58 66
f 58 59 66
f 59 60 66
f 60 57 66
f 55 56 63
f 56 60 63
f 60 59 63
f 59 55 63
g Boolean_2
v 0.47362 -0.52709 0.47845
v -0.52543 -0.52707 0.52206
v -0.04771 -0.5273 0.00073
v 0.21299 -0.52726 0.095
v -0.56905 -0.52751 -0.47698
v 0.43 -0.52753 -0.5206
v 0.4571 -0.52725 0.10008
v 0.45711 -0.07736 0.10008
v 0.00974 0.32961 0.45428
v 0.02067 0.05538 0.45349
v 0.00122 0.19243 0.28544
v 0.47091 0.34812 0.41598
v -0.02591 -0.02708 0.50004
v 0.47362 0.47291 0.47801
v -0.52543 0.47293 0.52163
v -0.54724 -0.02729 0.02232
v -0.56905 0.47249 -0.47742
v -0.04772 0.4727 0.0003
v 0.43 0.47247 -0.52104
v -0.06952 -0.02752 -0.49901
v 0.45691 0.34848 0.09545
v 0.45615 0.33137 0.07801
v 0.45615 0.07383 0.07812
v -0.0073 0.05524 0.11661
v -0.01823 0.32947 0.11739
v 0.45547 0.34847 0.07806
v 0.47091 0.07345 0.4161
v 0.21828 -0.52737 -0.15931
v 0.44599 -0.07752 -0.15457
v 0.44598 -0.52737 -0.15457
v 0.21381 -0.07984 -0.1594
v 0.20852 -0.07984 0.09491
vn 0 -1 0.00044
vn 0.04362 0.00044 0.99905
vn 0.04362 0.00044 0.99905
vn 0.99905 -0.00002 -0.04362
vn 0.99905 -0.00002 -0.04362
vn 0 -1 0.00044
vn 0 -1 0.00044
vn -0.99905 0.00002 0.04362
vn -0.99905 0.00002 0.04362
vn 0.04362 0.00044 0.99905
vn 0.04362 0.00044 0.99905
vn 0 -1 0.00044
vn 0 -1 0.00044
vn 0 -1 0.00044
vn 0 -1 0.00044
vn 0 -1 0.00044
vn 0.99973 0.01 0.02079
vn 0.99973 0.01 0.02079
vn 0.02079 0 -0.99978
vn 0.02079 -0 -0.99978
vn 0 -1 0.00044
vn 0 -1 0.00044
vn -0.99905 0.00002 0.04362
vn -0.99905 0.00002 0.04362
vn -0.04362 -0.00044 -0.99905
vn -0.04362 -0.00044 -0.99905
vn 0 -1 0.00044
vn 0 -1 0.00044
vn -0.04362 -0.00044 -0.99905
vn -0.04362 -0.00044 -0.99905
vn 0.99905 -0.00002 -0.04362
vn 0.99905 -0.00002 -0.04362
vn 0 -1 0.00044
vn 0 -1 0.00044
vn 0.02079 -0 -0.99978
vn 0.99905 -0.00002 -0.04362
vn 0.02079 -0 -0.99978
vn 0.02079 0 -0.99978
vn 0.01 -0.99995 0.00021
vn 0.99905 -0.00002 -0.04362
vn 0.99905 -0.00002 -0.04362
vn 0.99577 0.03995 -0.08269
vn -0.08274 -0.00043 -0.99657
vn 0.03985 -0.9992 -0.00287
vn 0.03985 -0.9992 -0.00287
vn 0.99577 0.03995 -0.08269
vn -0.08274 -0.00043 -0.99657
vn -0.08274 -0.00043 -0.99657
vn -0.03985 0.9992 0.00287
vn -0.03985 0.9992 0.00287
vn 0.99577 0.03995 -0.08269
vn 0.99577 0.03995 -0.08269
vn 0.99577 0.03995 -0.08269
vn 0.99577 0.03995 -0.08269
vn 0.99577 0.03995 -0.08269
vn 0.99577 0.03995 -0.08269
vn -0.08274 -0.00043 -0.99657
vn 0.03985 -0.9992 -0.00287
vn 0.99905 -0.00002 -0.04362
vn 0.99905 -0.00002 -0.04362
vn -0.08274 -0.00043 -0.99657
vn 0.04362 0.00044 0.99905
vn 0.04362 0.00044 0.99905
vn 0.04362 0.00044 0.99905
vn 0.04362 0.00044 0.99905
vn 0.04362 0.00044 0.99905
vn 0.99905 -0.00002 -0.04362
vn 0.99905 -0.00002 -0.04362
vn -0 1 -0.00044
vn -0 1 -0.00044
vn 0.04362 0.00044 0.99905
vn 0.04362 0.00044 0.99905
vn -0 1 -0.00044
vn -0 1 -0.00044
vn -0.99905 0.00002 0.04362
vn -0.99905 0.00002 0.04362
vn 0.04362 0.00044 0.99905
vn -0.99905 0.00002 0.04362
vn -0.99905 0.00002 0.04362
vn -0.99905 0.00002 0.04362
vn -0.99905 0.00002 0.04362
vn -0.99905 0.00002 0.04362
vn -0 1 -0.00044
vn -0 1 -0.00044
vn -0.04362 -0.00044 -0.99905
vn -0.04362 -0.00044 -0.99905
vn -0.99905 0.00002 0.04362
vn -0 1 -0.00044
vn -0 1 -0.00044
vn -0 1 -0.00044
vn -0 1 -0.00044
vn -0 1 -0.00044
vn 0.99905 -0.00002 -0.04362
vn 0.99905 -0.00002 -0.04362
vn -0.04362 -0.00044 -0.99905
vn -0.04362 -0.00044 -0.99905
vn -0 1 -0.00044
vn -0.04362 -0.00044 -0.99905
vn -0.04362 -0.00044 -0.99905
vn -0.04362 -0.00044 -0.99905
vn -0.04362 -0.00044 -0.99905
vn 0.03985 -0.9992 -0.00287
vn 0.03985 -0.9992 -0.00287
vn 0.03985 -0.9992 -0.00287
vn -0.99577 -0.03995 0.08269
vn 0.99905 -0.00002 -0.04362
vn -0.99577 -0.03995 0.08269
vn 0.08274 0.00043 0.99657
vn 0.08274 0.00043 0.99657
vn 0.08274 0.00043 0.99657
vn 0.99905 -0.00002 -0.04362
vn 0.99905 -0.00002 -0.04362
vn 0.08274 0.00043 0.99657
vn -0.03985 0.9992 0.00287
vn -0.03985 0.9992 0.00287
vn 0.99905 -0.00002 -0.04362
vn 0.99905 -0.00002 -0.04362
vn 0.99905 -0.00002 -0.04362
vn 0.99577 0.03995 -0.08269
vn -0.03985 0.9992 0.00287
vn 0.08274 0.00043 0.99657
vn 0.08274 0.00043 0.99657
vn 0.99577 0.03995 -0.08269
vn 0.99577 0.03995 -0.08269
vn 0.08274 0.00043 0.99657
vn 0.08274 0.00043 0.99657
vn 0.03985 -0.9992 -0.00287
vn 0.03985 -0.9992 -0.00287
vn 0.99577 0.03995 -0.08269
vn 0.03985 -0.9992 -0.00287
vn 0.08274 0.00043 0.99657
vn -0.99577 -0.03995 0.08269
vn -0.08274 -0.00043 -0.99657
vn 0.99905 -0.00002 -0.04362
vn -0.03985 0.9992 0.00287
vn 0 -1 0.00044
vn -0.02079 0 0.99978
vn -0.02079 -0 0.99978
vn 0.99973 0.01 0.02079
vn 0.01 -0.99995 0.00021
vn 0.01 -0.99995 0.00021
vn -0.02079 -0 0.99978
vn -0.02079 0 0.99978
vn 0.99905 -0.00002 -0.04362
vn 0.99905 -0.00002 -0.04362
vn 0 -1 0.00044
vn 0.99905 -0.00002 -0.04362
vn -0.02079 0 0.99978
vn 0.01 -0.99995 0.00021
vn -0.02079 -0 0.99978
vn 0.99973 0.01 0.02079
vn 0.99973 0.01 0.02079
vn 0.02079 0 -0.99978
vn 0.99973 0.01 0.02079
vn 0.01 -0.99995 0.00021
vn 0.01 -0.99995 0.00021
f 67//123 68//134 69//135
f 67//128 69//138 70//143
f 71//149 72//150 69//137
f 68//129 71//144 69//136
f 67//127 73//158 74//163
f 75//164 76//174 77//175
f 76//169 75//165 78//179
f 68//133 67//124 79//184
f 67//125 80//188 79//185
f 80//193 81//194 79//186
f 81//199 68//132 79//187
f 71//145 68//130 82//200
f 68//131 81//198 82//201
f 81//197 83//204 82//202
f 83//209 71//146 82//203
f 81//195 80//192 84//210
f 80//191 85//214 84//211
f 85//219 83//206 84//212
f 83//205 81//196 84//213
f 72//151 71//148 86//220
f 71//147 83//208 86//221
f 83//207 85//218 86//222
f 85//217 72//152 86//223
f 87//224 78//180 75//166
f 85//215 88//233 89//234
f 88//233 85//215 87//228
f 90//245 91//246 77//177
f 75//167 91//250 87//225
f 91//249 92//252 87//226
f 93//255 76//170 78//183
f 85//215 80//190 87//228
f 76//173 90//241 77//176
f 92//253 91//248 88//230
f 87//227 92//254 88//229
f 67//126 89//238 93//256
f 91//247 90//244 88//231
f 93//257 89//237 76//171
f 90//243 89//235 88//232
f 87//228 80//190 78//181
f 90//242 76//172 89//236
f 80//189 67//126 78//182
f 78//182 67//126 93//256
f 91//251 75//168 77//178
f 74//160 70//141 98//275
f 67//128 70//143 73//156
f 70//143 69//138 94//258
f 94//258 72//155 96//268
f 67//127 74//163 89//239
f 70//142 74//159 73//157
f 89//240 74//162 95//267
f 97//274 98//276 70//140
f 89//240 95//267 85//216
f 72//153 85//216 95//267
f 95//262 74//161 98//278
f 98//277 97//271 95//263
f 72//154 95//266 96//269
f 95//265 94//259 96//270
f 70//139 94//261 97//273
f 97//272 94//260 95//264
f 69//138 72//155 94//258
s 0
g Cube_10
v 0.46957 0.05524 -0.10398
v 0.45376 0.05524 -0.4249
v 0.16576 0.05524 -0.41072
v 0.18156 0.05524 -0.0898
v 0.46957 0.323 -0.10398
v 0.45376 0.323 -0.4249
v 0.16576 0.323 -0.41072
v 0.18156 0.323 -0.0898
v 0.46166 0.18912 -0.26444
v 0.30976 0.18912 -0.41781
v 0.17366 0.18912 -0.25026
v 0.32556 0.18912 -0.09689
v 0.31766 0.05524 -0.25735
v 0.31766 0.323 -0.25735
f 100 99 111
f 101 100 111
f 102 101 111
f 99 102 111
f 100 101 108
f 101 105 108
f 105 104 108
f 104 100 108
f 99 100 107
f 100 104 107
f 104 103 107
f 103 99 107
f 102 99 110
f 99 103 110
f 103 106 110
f 106 102 110
f 103 104 112
f 104 105 112
f 105 106 112
f 106 103 112
f 101 102 109
f 102 106 109
f 106 105 109
f 105 101 109
g Boolean_3
v 0.43954 -0.52382 0.49616
v -0.55951 -0.5238 0.53978
v -0.08179 -0.52403 0.01844
v 0.17891 -0.52398 0.11272
v -0.60312 -0.52423 -0.45927
v 0.39592 -0.52425 -0.50289
v 0.42302 -0.52398 0.11779
v 0.42303 -0.07408 0.11779
v -0.02434 0.33289 0.47199
v -0.0134 0.05866 0.4712
v -0.03286 0.1957 0.30315
v 0.43683 0.35139 0.43369
v -0.05998 -0.02381 0.51775
v 0.43954 0.47618 0.49572
v -0.55951 0.4762 0.53934
v -0.58132 -0.02402 0.04003
v -0.60312 0.47577 -0.45971
v -0.08179 0.47597 0.01801
v 0.39592 0.47575 -0.50333
v -0.1036 -0.02424 -0.4813
v 0.42284 0.35175 0.11316
v 0.42208 0.0771 0.09583
v 0.41417 0.05851 -0.08522
v 0.42207 0.33464 0.09572
v -0.04137 0.05851 0.13432
v -0.05231 0.33274 0.13511
v 0.42139 0.35175 0.09577
v 0.43683 0.07672 0.43381
v 0.17444 -0.07657 0.11262
v 0.1842 -0.5241 -0.1416
v 0.4119 -0.52409 -0.13686
v 0.41191 -0.07425 -0.13686
v 0.17973 -0.07657 -0.14169
v 0.40016 0.05851 -0.40623
v 0.40016 0.32627 -0.40623
v 0.41418 0.32627 -0.08522
v 0.13168 0.05851 -0.39301
v 0.14749 0.05851 -0.07209
v 0.13168 0.32627 -0.39301
v 0.14749 0.32627 -0.07209
v 0.13958 0.19239 -0.23255
vn 0 -1 0.00044
vn 0.04362 0.00044 0.99905
vn 0.04362 0.00044 0.99905
vn 0.99905 -0.00002 -0.04362
vn 0.99905 -0.00002 -0.04362
vn 0 -1 0.00044
vn 0 -1 0.00044
vn -0.99905 0.00002 0.04362
vn -0.99905 0.00002 0.04362
vn 0.04362 0.00044 0.99905
vn 0.04362 0.00044 0.99905
vn 0 -1 0.00044
vn 0 -1 0.00044
vn 0 -1 0.00044
vn 0 -1 0.00044
vn 0 -1 0.00044
vn 0.99973 0.01 0.02079
vn 0.99973 0.01 0.02079
vn 0.02079 0 -0.99978
vn 0.02079 -0 -0.99978
vn 0 -1 0.00044
vn 0 -1 0.00044
vn -0.99905 0.00002 0.04362
vn -0.99905 0.00002 0.04362
vn -0.04362 -0.00044 -0.99905
vn -0.04362 -0.00044 -0.99905
vn 0 -1 0.00044
vn 0 -1 0.00044
vn -0.04362 -0.00044 -0.99905
vn -0.04362 -0.00044 -0.99905
vn 0.99905 -0.00002 -0.04362
vn 0.99905 -0.00002 -0.04362
vn 0 -1 0.00044
vn 0 -1 0.00044
vn 0.02079 -0 -0.99978
vn 0.99905 -0.00002 -0.04362
vn 0.02079 -0 -0.99978
vn 0.02079 0 -0.99978
vn 0.01 -0.99995 0.00021
vn 0.99905 -0.00002 -0.04362
vn 0.99905 -0.00002 -0.04362
vn 0.99577 0.03995 -0.08269
vn -0.08274 -0.00043 -0.99657
vn 0.03985 -0.9992 -0.00287
vn 0.03985 -0.9992 -0.00287
vn 0.99577 0.03995 -0.08269
vn -0.08274 -0.00043 -0.99657
vn -0.08274 -0.00043 -0.99657
vn -0.03985 0.9992 0.00287
vn -0.03985 0.9992 0.00287
vn 0.99577 0.03995 -0.08269
vn 0.99577 0.03995 -0.08269
vn 0.99577 0.03995 -0.08269
vn 0.99577 0.03995 -0.08269
vn 0.99577 0.03995 -0.08269
vn 0.99577 0.03995 -0.08269
vn -0.08274 -0.00043 -0.99657
vn 0.03985 -0.9992 -0.00287
vn 0.99905 -0.00002 -0.04362
vn 0.99905 -0.00002 -0.04362
vn -0.08274 -0.00043 -0.99657
vn 0.04362 0.00044 0.99905
vn 0.04362 0.00044 0.99905
vn 0.04362 0.00044 0.99905
vn 0.04362 0.00044 0.99905
vn 0.04362 0.00044 0.99905
vn 0.99905 -0.00002 -0.04362
vn 0.99905 -0.00002 -0.04362
vn -0 1 -0.00044
vn -0 1 -0.00044
vn 0.04362 0.00044 0.99905
vn 0.04362 0.00044 0.99905
vn -0 1 -0.00044
vn -0 1 -0.00044
vn -0.99905 0.00002 0.04362
vn -0.99905 0.00002 0.04362
vn 0.04362 0.00044 0.99905
vn -0.99905 0.00002 0.04362
vn -0.99905 0.00002 0.04362
vn -0.99905 0.00002 0.04362
vn -0.99905 0.00002 0.04362
vn -0.99905 0.00002 0.04362
vn -0 1 -0.00044
vn -0 1 -0.00044
vn -0.04362 -0.00044 -0.99905
vn -0.04362 -0.00044 -0.99905
vn -0.99905 0.00002 0.04362
vn -0 1 -0.00044
vn -0 1 -0.00044
vn -0 1 -0.00044
vn -0 1 -0.00044
vn -0 1 -0.00044
vn 0.99905 -0.00002 -0.04362
vn 0.99905 -0.00002 -0.04362
vn -0.04362 -0.00044 -0.99905
vn -0.04362 -0.00044 -0.99905
vn -0 1 -0.00044
vn -0.04362 -0.00044 -0.99905
vn -0.04362 -0.00044 -0.99905
vn -0.04362 -0.00044 -0.99905
vn -0.04362 -0.00044 -0.99905
vn 0.03985 -0.9992 -0.00287
vn 0.03985 -0.9992 -0.00287
vn 0.03985 -0.9992 -0.00287
vn -0.99577 -0.03995 0.08269
vn 0.99905 -0.00002 -0.04362
vn -0.03985 0.9992 0.00287
vn -0.03985 0.9992 0.00287
vn 0.08274 0.00043 0.99657
vn 0.99905 -0.00002 -0.04362
vn 0.99905 -0.00002 -0.04362
vn 0.99905 -0.00002 -0.04362
vn 0.99905 -0.00002 -0.04362
vn 0.99905 -0.00002 -0.04362
vn 0.99905 -0.00002 -0.04362
vn -0.04918 0 -0.99879
vn -0.04918 0 -0.99879
vn -0 1 -0
vn -0.99577 -0.03995 0.08269
vn 0.08274 0.00043 0.99657
vn 0.08274 0.00043 0.99657
vn 0.08274 0.00043 0.99657
vn 0.99905 -0.00002 -0.04362
vn 0.99577 0.03995 -0.08269
vn -0.03985 0.9992 0.00287
vn 0.08274 0.00043 0.99657
vn 0.08274 0.00043 0.99657
vn 0.99577 0.03995 -0.08269
vn 0.99577 0.03995 -0.08269
vn 0.08274 0.00043 0.99657
vn 0.08274 0.00043 0.99657
vn 0.03985 -0.9992 -0.00287
vn 0.03985 -0.9992 -0.00287
vn 0.99577 0.03995 -0.08269
vn 0.03985 -0.9992 -0.00287
vn 0.08274 0.00043 0.99657
vn -0.99577 -0.03995 0.08269
vn -0.08274 -0.00043 -0.99657
vn 0.99905 -0.00002 -0.04362
vn -0.03985 0.9992 0.00287
vn 0.02079 0 -0.99978
vn 0.99973 0.01 0.02079
vn 0.01 -0.99995 0.00021
vn 0.01 -0.99995 0.00021
vn 0 -1 0.00044
vn -0.02079 0 0.99978
vn -0.02079 -0 0.99978
vn 0.99973 0.01 0.02079
vn 0 -1 0.00044
vn 0.99905 -0.00002 -0.04362
vn -0.02079 0 0.99978
vn 0.01 -0.99995 0.00021
vn 0.01 -0.99995 0.00021
vn -0.02079 -0 0.99978
vn -0.02079 0 0.99978
vn 0.99905 -0.00002 -0.04362
vn 0.99905 -0.00002 -0.04362
vn 0.99973 0.01 0.02079
vn 0.99973 0.01 0.02079
vn -0.02079 -0 0.99978
vn 0.01 -0.99995 0.00021
vn 0 1 -0
vn 0.04918 0 0.99879
vn 0.04918 -0 0.99879
vn 0.99905 -0.00002 -0.04362
vn -0 1 -0
vn -0 -1 0
vn 0.99905 -0.00002 -0.04362
vn 0.99905 -0.00002 -0.04362
vn 0.04918 -0 0.99879
vn -0 -1 0
vn 0.99905 -0.00002 -0.04362
vn -0.04918 0 -0.99879
vn -0 -1 0
vn 0.04918 0 0.99879
vn 0 1 -0
vn 0.99879 0 -0.04918
vn 0.99879 0 -0.04918
vn 0 1 -0
vn 0.99879 0 -0.04918
vn 0.99879 0 -0.04918
vn -0.04918 0 -0.99879
vn -0 1 -0
vn 0.04918 0 0.99879
vn 0.04918 -0 0.99879
vn -0 -1 0
vn 0.99879 -0 -0.04918
vn 0.99879 0 -0.04918
vn 0.99879 0 -0.04918
vn 0.99879 -0 -0.04918
vn -0 -1 0
vn -0 -1 0
vn -0.04918 0 -0.99879
vn -0.04918 0 -0.99879
vn 0.99879 0 -0.04918
vn 0.99879 0 -0.04918
vn 0.99879 0 -0.04918
vn 0.99879 -0 -0.04918
f 113//279 114//290 115//291
f 113//284 115//294 116//299
f 117//305 118//306 115//293
f 114//285 117//300 115//292
f 113//283 119//314 120//319
f 121//320 122//330 123//331
f 122//325 121//321 124//335
f 114//289 113//280 125//340
f 113//281 126//344 125//341
f 126//349 127//350 125//342
f 127//355 114//288 125//343
f 117//301 114//286 128//356
f 114//287 127//354 128//357
f 127//353 129//360 128//358
f 129//365 117//302 128//359
f 127//351 126//348 130//366
f 126//347 131//370 130//367
f 131//375 129//362 130//368
f 129//361 127//352 130//369
f 118//307 117//304 132//376
f 117//303 129//364 132//377
f 129//363 131//374 132//378
f 131//373 118//308 132//379
f 133//380 124//336 121//322
f 149//454 150//457 146//440
f 136//401 131//371 133//384
f 137//406 138//407 123//333
f 121//323 138//411 133//381
f 138//410 139//413 133//382
f 140//416 122//326 124//339
f 131//371 126//346 133//384
f 122//329 137//402 123//332
f 139//414 138//409 136//398
f 133//383 139//415 136//397
f 113//282 134//391 140//417
f 138//408 137//405 136//399
f 140//418 134//385 122//327
f 137//404 134//387 136//400
f 133//384 126//346 124//337
f 137//403 122//328 134//386
f 126//345 113//282 124//338
f 124//338 113//282 140//417
f 138//412 121//324 123//334
f 120//316 116//297 141//419
f 113//284 116//299 119//312
f 116//299 115//294 142//423
f 142//423 118//311 143//427
f 113//283 120//319 134//390
f 116//298 120//315 119//313
f 134//389 120//318 144//435
f 145//436 141//420 116//296
f 118//309 131//372 146//443
f 144//430 120//317 141//422
f 141//421 145//439 144//431
f 118//310 144//434 143//428
f 144//433 142//424 143//429
f 116//295 142//426 145//437
f 145//438 142//425 144//432
f 115//294 118//311 142//423
f 136//401 134//388 135//393
f 152//467 150//459 153//473
f 147//445 148//452 152//470
f 151//462 149//453 146//441
f 118//309 146//443 135//392
f 152//469 151//464 147//449
f 118//309 135//392 144//435
f 151//465 152//468 153//476
f 147//446 131//371 148//450
f 131//371 136//401 148//450
f 136//401 135//393 148//450
f 134//389 144//435 135//392
f 149//456 151//466 153//475
f 152//471 148//451 135//394
f 135//396 146//444 150//461
f 150//458 149//455 153//474
f 150//460 152//472 135//395
f 146//442 147//448 151//463
f 146//443 131//372 147//447
g Cone_1
v -0.03201 0.48267 0.04602
v 0.6888 0.48267 0.04602
v 0.63393 0.48267 -0.27146
v 0.47768 0.48267 -0.5406
v 0.24383 0.48267 -0.72044
v -0.03201 0.48267 -0.78359
v -0.30785 0.48267 -0.72044
v -0.54169 0.48267 -0.5406
v -0.69794 0.48267 -0.27146
v -0.75281 0.48267 0.04602
v -0.69794 0.48267 0.3635
v -0.54169 0.48267 0.63264
v -0.30785 0.48267 0.81248
v -0.03201 0.48267 0.87563
v 0.24383 0.48267 0.81248
v 0.47768 0.48267 0.63264
v 0.63393 0.48267 0.3635
v -0.03201 1.47067 0.04602
vn 0 -1 0
vn 0 -1 0
vn 0.80786 0.58938 0
vn 0 -1 0
vn 0.75256 0.59674 -0.27851
vn 0 -1 0
vn 0.58756 0.61521 -0.52564
vn 0 -1 0
vn 0.32428 0.63469 -0.70144
vn 0 -1 0
vn -0 0.64305 -0.76582
vn 0 -1 0
vn -0.32428 0.63469 -0.70144
vn 0 -1 0
vn -0.58756 0.61521 -0.52564
vn 0 -1 0
vn -0.75256 0.59674 -0.27851
vn 0 -1 0
vn -0.80786 0.58938 -0
vn 0 -1 0
vn -0.75256 0.59674 0.27851
vn 0 -1 0
vn -0.58756 0.61521 0.52564
vn 0 -1 0
vn -0.32428 0.63469 0.70144
vn 0 -1 0
vn -0 0.64305 0.76582
vn 0 -1 0
vn 0.32428 0.63469 0.70144
vn 0 -1 0
vn 0.58756 0.61521 0.52564
vn 0 -1 0
vn 0.75256 0.59674 0.27851
vn -0 1 -0
f 156//480 155//478 154//477
f 157//482 156//480 154//477
f 158//484 157//482 154//477
f 159//486 158//484 154//477
f 160//488 159//486 154//477
f 161//490 160//488 154//477
f 162//492 161//490 154//477
f 163//494 162//492 154//477
f 164//496 163//494 154//477
f 165//498 164//496 154//477
f 166//500 165//498 154//477
f 167//502 166//500 154//477
f 168//504 167//502 154//477
f 169//506 168//504 154//477
f 170//508 169//506 154//477
f 155//478 170//508 154//477
f 171//510 155//479 156//481
f 171//510 156//481 157//483
f 171//510 157//483 158//485
f 171//510 158//485 159//487
f 171//510 159//487 160//489
f 171//510 160//489 161//491
f 171//510 161//491 162//493
f 171//510 162//493 163//495
f 171//510 163//495 164//497
f 171//510 164//497 165//499
f 171//510 165//499 166//501
f 171//510 166//501 167//503
f 171//510 167//503 168//505
f 171//510 168//505 169//507
f 171//510 169//507 170//509
f 171//510 170//509 155//479
